5 8
7234391442 -82.5191016 40.0680652
5999570838 -82.5174297 40.07582
198409938 -82.5203367 40.0702502
7933475790 -82.5229743 40.0675293
198548549 -82.5165258 40.0701142
7234391442 5999570838 11.055572862955856 Mullberry street
7234391442 198409938 88.08573194306297
5999570838 7933475790 702.9765128275188
198409938 7933475790 47.602856572594604
7933475790 5999570838 702.9765128275188
7933475790 198548549 143.19674819268937
198548549 7933475790 143.19674819268937
198548549 7234391442 139.0242261121606 Olin hall
