8137815379: (6956911696, 174.145) 
198269617: (9365619863, 63.5939) 
6829774065: (6829774069, 49.8629) 
198469297: (8341488154, 165.201) 
7234391440: (7234391441, 17.3296) 
11331369997: (11331370025, 489.089) 
8137815354: (8137815348, 87.0297) 
5803662952: (7234367520, 16.8234) 
1826669185: (198279134, 3271.19) 
7934217532: (3894645111, 110.999) (198262337, 138.318) (7934217537, 76.5699) 
198625969: (2305177560, 83.0155) 
7019373488: (7019363084, 85.5643) 
9365640269: (9365640240, 6.64772) 
7234367538: (198373734, 90.0495) (7234367539, 19.8571) (198620124, 50.3231) 
198553554: (198553604, 443.254) 
11329728149: (11329728150, 66.3263) 
8317358606: (8137726002, 77.0365) (8317381120, 24.5092) (8317381123, 86.128) 
9365635969: (9365636000, 702.977) 
6956911704: (6956911706, 23.9991) (6956911686, 135.866) 
198532396: (198588882, 227.8) 
4256592589: (4256589587, 21.985) (3894630218, 32.0672) (4256589585, 29.9038) (4256592590, 22.353) 
3894654167: (3894654165, 36.1217) (4256589565, 104.779) (3894654171, 7.1535) 
4937605773: (7019363084, 66.3988) 
198588890: (7655406259, 106.192) (198551754, 197.798) (8341654023, 152.763) 
7234367411: (7234367403, 52.1456) (7234367412, 3.93612) 
9365640254: (9365640193, 11.8988) (6956911693, 15.1031) (9365640251, 46.4547) 
5546400173: (5546400176, 6.50461) (4256589581, 36.8021) (198521204, 53.9578) 
3531016709: (8137726013, 42.0176) (8137727124, 30.7361) (5546400187, 12.4684) 
3894641830: (3894641828, 26.6879) (3894641829, 4.19547) 
4256589565: (3894654167, 104.779) (7234367536, 86.9643) (198373734, 32.2894) 
5803662947: (7234367509, 6.44167) (7234367508, 8.02149) (8133088561, 12.0195) (198559686, 242.52) 
8006712610: (8006712603, 77.1264) 
8006712603: (8006712610, 77.1264) (198588860, 10.9222) (198588882, 215.635) 
198588882: (198588884, 111.496) (8006712603, 215.635) (198532396, 227.8) 
3894635949: (3894645113, 6.0781) (3894635954, 63.4398) 
9047700615: (198262337, 120.983) (3894635429, 193.155) 
198348038: (198636852, 21.9288) (198551738, 39.0848) (3894645113, 7.70684) 
3894630219: (4256592590, 4.31899) (3894645105, 29.8412) (4256589586, 30.634) 
3894637553: (5803662948, 29.1792) (5546400170, 38.4509) (4256589581, 37.4502) (4256589577, 25.7564) 
8137815342: (8137815361, 45.8751) (198512587, 209.389) (8137727122, 182.155) 
7234367544: (7234367539, 51.5252) (7234367543, 32.5555) 
198554357: (198558162, 320.438) 
7234391442: (7234391444, 18.5358) (5803664456, 39.3514) (7234374851, 49.5004) 
8137815361: (8137815348, 24.6596) (8137815342, 45.8751) (8137815355, 67.4323) 
8137815363: (8137815362, 23.5678) (8137815366, 29.8936) (8137815346, 13.7226) 
7234391444: (7234391442, 18.5358) (7234391443, 17.2301) (198558160, 39.3884) (7234391439, 49.9928) 
7234367424: (7234367432, 134.425) 
10313376797: (10313376800, 20.101) (10313376798, 3.61882) (10313376778, 202.803) 
7991949373: (6956908777, 21.6358) (7991949374, 78.6679) 
7234367536: (7234367537, 6.09458) (3894654175, 5.84596) (4256589565, 86.9643) 
7019373489: (5803664457, 37.1013) (12075173712, 75.1464) 
8137815381: (8137815384, 35.5559) (8137815388, 90.1153) (198366303, 143.192) 
3894641828: (3894641830, 26.6879) (3894641827, 3.56676) 
6829774033: (198588860, 228.447) 
8137727122: (198409938, 202.025) (8137815342, 182.155) (5546400184, 28.3991) 
3894635429: (9047700615, 193.155) (198530899, 30.8583) (198521222, 174.886) 
6956911710: (6956911707, 22.6774) (7991949373, 60.3965) 
8133088563: (7234367533, 11.8395) (8133093053, 10.0904) (7933475787, 43.1614) 
198519708: (7234367415, 8.40907) (5506729668, 55.2223) (7234367419, 11.0556) 
11329447556: (11329447557, 18.744) (11329447565, 19.4816) (11329447555, 3.64969) 
450619139: (450619137, 458.113) (11331370033, 661.655) 
8137815346: (8137815363, 13.7226) (8137815348, 38.6416) (8137815355, 11.8617) 
198569952: (198398651, 929.858) 
198530899: (198530918, 106.46) (3894635429, 30.8583) (198519719, 259.228) (8257601704, 121.286) 
8137726002: (8341641108, 33.7164) (7926895266, 164.638) (8317358606, 77.0365) 
198569946: (198569947, 82.6498) (5506729668, 132.097) (7234367431, 7.33563) 
8133088567: (5506729662, 19.6483) (8133088566, 10.2493) 
6956911706: (6956911704, 23.9991) (6956911710, 15.3829) 
8137815397: (8137815395, 10.4563) (8137815399, 9.02939) 
198569938: (7234367504, 6.09207) (3894654170, 11.1414) (8133088561, 9.84094) 
3894638310: (198551737, 9.25075) (198620124, 139.024) (198521204, 289.418) 
198269609: (9365619863, 13.4649) (9365636014, 72.5683) (7991949374, 20.1553) 
10313376778: (10313376797, 202.803) (3894644642, 2.71694) 
7991949374: (7991949373, 78.6679) (6956911688, 158.123) (198269609, 20.1553) 
3894630236: (3894630237, 3.94352) (3894630233, 11.773) 
7926895263: (198655374, 47.3155) (7926895266, 40.45) 
5506729668: (198569946, 132.097) (198519708, 55.2223) (7234367430, 8.71702) 
5803662948: (4256589584, 13.3894) (3894637553, 29.1792) (5546400170, 36.2845) 
7234367432: (7234367424, 134.425) (7234367436, 63.1525) (198398651, 8.5538) (198398653, 30.3829) 
7019373494: (7234374852, 35.6386) (7019363084, 25.1373) (7019373489, 78.0647) 
8137815385: (8137815384, 81.4275) (8137815388, 28.2044) 
198356023: (198356025, 19.4844) (198356020, 88.0857) (198356080, 45.1522) 
8307344135: (8307344137, 3.74259) 
9365619863: (6956908777, 55.247) (198269617, 63.5939) (198269609, 13.4649) 
7933475788: (7234367509, 83.3953) (7234367533, 43.5923) (7933475790, 48.5536) (7933475787, 11.9055) 
6956911688: (9365640185, 52.599) (9365640169, 27.2915) (7991949374, 158.123) 
198553604: (8314099101, 277.127) (198553554, 443.254) (198348039, 138.838) 
7933485239: (7933485241, 16.5647) (198517884, 3.36383) (198356009, 14.0208) 
3894644542: (3894644544, 137.786) 
11329562483: (11329728167, 177.552) (5999570837, 331.127) (11329562482, 331.238) (11329562517, 148.503) 
8137815404: (8137821018, 151.809) (8137815395, 20.5906) 
4256589586: (3894645102, 17.0096) (3894630219, 30.634) (4256589585, 27.8145) 
198398653: (7234367432, 30.3829) 
450619664: (11331370037, 205.763) (11331370036, 212.367) 
8137815388: (198409954, 39.1534) (8137815381, 90.1153) (8137815385, 28.2044) 
5546400174: (5546400176, 33.3841) (3894630214, 26.4896) (5803662949, 6.99348) 
5506729662: (8133088565, 50.1054) (5506729663, 10.8876) 
11329562482: (11329562491, 312.836) (11329562483, 331.238) (5999570837, 0.457147) (11329728167, 153.687) (5999570839, 177.398) 
8257601711: (8257601704, 47.555) 
11329468214: (11329468222, 37.3295) (11329468215, 68.4063) 
4256589581: (5803662949, 29.2207) (5546400173, 36.8021) (3894637553, 37.4502) (3894635412, 38.1956) 
8137815399: (8137815395, 71.2887) (8137815397, 9.02939) (8137821018, 49.4465) 
7019363083: (7019373495, 25.6184) (7019363084, 17.2589) (12075173711, 207.148) 
198409938: (8137727122, 202.025) (198409946, 82.0729) (198366299, 231.132) 
11329265994: (11329447555, 12.6391) (11329265990, 19.297) 
7234367412: (198519708, 9.96977) (7234367411, 3.93612) (7234296669, 5.82316) 
3894645111: (7934217532, 110.999) (198636852, 7.6585) (3894644544, 89.7241) (3894645113, 23.0979) 
7234374846: (7234374850, 75.9452) (7234367537, 6.17093) 
11329562487: (11329562486, 67.4844) (11329562488, 44.905) 
198588860: (6829774033, 228.447) (8006712603, 10.9222) (8654444838, 42.6287) 
8133088568: (198519708, 8.50035) (7234367414, 7.64676) (7234367415, 10.4092) 
198569947: (198569946, 82.6498) (8341488154, 46.8243) (7234367438, 5.79923) 
4256589577: (198521222, 122.67) (3894637553, 25.7564) (198521214, 6.01188) 
8137815395: (8137815397, 10.4563) (8137815404, 20.5906) (8137815399, 71.2887) 
7234367509: (5803662947, 6.44167) (7933475788, 83.3953) (8133088560, 12.0166) 
11329447555: (11329265994, 12.6391) (11329265996, 18.7026) (11329447556, 3.64969) 
5546400205: (5546400204, 71.0287) (5546400206, 147.201) 
7234367539: (7234367543, 18.8979) (7234367538, 19.8571) (7234367544, 51.5252) 
7234374852: (7019373494, 35.6386) (5803664457, 7.0913) (7234391441, 19.5029) 
7234367403: (7234367454, 55.7103) (7234367411, 52.5112) 
3894630228: (3894630229, 3.78537) (3894630227, 3.79721) 
7019373495: (7019363083, 25.6184) (7234391441, 34.0481) (7019373494, 17.5647) 
11329468178: (12075173712, 7.02804) (7234374851, 112.394) (11329468184, 186.164) 
8137815384: (8137815385, 81.4275) (8137815381, 35.5559) 
5546400170: (5803662948, 36.2845) (3894637553, 38.4509) (3894630216, 6.35498) 
7234367508: (7234367507, 12.0676) (5803662947, 8.02149) (7234367521, 146.549) 
3894633054: (4256592592, 19.0188) (4256592594, 80.3917) (3894633165, 69.1273) 
11331370036: (450619664, 212.367) (450619658, 116.487) 
6847572636: (6847572629, 109.82) (198378321, 25.6904) 
4256592592: (3894633054, 19.0188) (3894645105, 59.0928) (3894630218, 29.2631) 
3894654170: (198569938, 11.1414) (198620124, 120.684) (7234296666, 8.30842) (7234296665, 6.09372) 
3894644642: (10313376800, 186.643) (198655341, 16.2063) 
5999570839: (5999570838, 79.3877) (11329562482, 177.398) (5999570837, 177.856) 
4249163574: (198417650, 19670.1) 
7234367518: (7037812803, 37.9018) (5803664455, 10.1081) (7234367521, 16.9818) 
3894641831: (3894641829, 13.5319) (3894641827, 137.89) 
3894626038: (198636852, 145.132) (10313376799, 264.516) (4256592594, 64.0293) (198366303, 73.2696) 
198356025: (198356023, 19.4844) (198356080, 46.7074) (11331370025, 29.5715) 
198559686: (5803662947, 242.52) 
5803664456: (11329468183, 38.2492) (198558160, 17.8039) (11329468184, 90.9492) (7234391442, 39.3514) 
3894637552: (198519719, 96.3066) (198521214, 31.4496) (3894647917, 44.9488) 
7234391439: (7234374853, 17.2862) (7234374851, 19.4587) (198512572, 8.34724) (7234391444, 49.9928) 
198378313: (198356014, 46.9037) (198378319, 22.0722) (198356010, 34.6004) 
9365640183: (9365640184, 7.49192) 
10313376793: (10313376800, 63.4014) (10313376798, 54.9356) (198551749, 57.3855) 
8257601704: (198530899, 121.286) (198625971, 50.6846) (8257601711, 47.555) 
11329562489: (11329562488, 58.8974) (11329562490, 56.154) 
6847572630: (198356080, 27.826) (7655406259, 50.4735) (6847572629, 11.532) 
7234374853: (7234391439, 17.2862) 
3894630218: (4256589587, 21.7933) (4256592592, 29.2631) (4256592589, 32.0672) (3894630216, 36.3731) 
198512587: (198548549, 106.078) (8137815342, 209.389) 
198530918: (198279134, 2288.74) (198530899, 106.46) (198594372, 63.7537) 
12075173711: (7019363083, 207.148) (12075173704, 286.899) (198551736, 7.39109) (12075173712, 143.197) 
3894630221: (3894630224, 3.74563) (3894630220, 3.71067) 
3894630222: (3894630231, 3.72049) (3894630223, 3.98556) 
12075173712: (7019373489, 75.1464) (11329468178, 7.02804) (12075173711, 143.197) (198512576, 4.24474) 
6956908777: (198269740, 21.5933) (9365619863, 55.247) 
11329562520: (11329562521, 155.96) (11331352908, 30.1177) 
198551737: (7037812807, 48.999) (198366297, 295.214) (3894638310, 9.25075) (198512576, 147.253) 
198548549: (198512587, 106.078) (198532393, 161.03) (6829774058, 80.2238) (8654444838, 138.185) 
7933475790: (7933475788, 48.5536) 
198366299: (198366297, 27.1549) (198366303, 86.4147) 
7234367528: (7234367533, 112.979) 
9365640193: (9365640220, 3.1665) (9365640251, 74.6339) (9365640254, 11.8988) 
198366303: (8137815381, 143.192) (3894626038, 73.2696) (198366299, 86.4147) 
7234367415: (8133088567, 66.4089) (8133088568, 10.4092) (7234296669, 4.37618) 
8341641109: (8341641109, 77.2067) (8341641108, 13.5119) 
11329468183: (7234367519, 0.997167) (11329468184, 54.1628) (5803664456, 38.2492) 
8133088565: (198373726, 10.1132) (7234296667, 11.8316) (8133088563, 5.98013) 
11329468223: (11329468215, 18.9303) (11329468222, 8.02314) 
198279134: (9365636000, 1931.48) (1826669185, 3271.19) (198530918, 2288.74) 
4256589585: (4256589587, 21.9487) (4256592590, 37.6008) (4256589584, 29.7778) (4256592589, 29.9038) (4256589586, 27.8145) 
5546400189: (5546400188, 30.5625) (5546400204, 27.3215) (5546400184, 26.4036) 
198366297: (198551737, 295.214) (198366299, 27.1549) (198521204, 6.37392) 
198409953: (8137726013, 35.9697) (198409946, 47.1497) (198409954, 31.5257) (5546400179, 83.0114) 
9365640240: (9365640269, 185.07) 
198551749: (198509470, 99.5338) (198269740, 122.074) (8341641108, 34.3598) (10313376793, 57.3855) 
8137815348: (8137815361, 24.6596) (8137815354, 87.0297) 
3894630233: (3894630236, 27.4363) (3894630232, 3.93805) 
198521214: (3894635412, 42.6469) (3894637552, 31.4496) (4256589577, 6.01188) (8307344137, 45.4536) 
8133088564: (8133088559, 9.97464) (8133093053, 62.8601) 
11329468222: (11329468214, 37.3295) (11329468223, 95.3143) 
7234367454: (8133088575, 228.712) (7234367403, 55.7103) (8133088578, 242.427) 
7933485248: (198356014, 19.2353) (198356010, 11.627) (7933485241, 23.1199) 
198521204: (3894638310, 289.418) (5546400173, 53.9578) (198366297, 6.37392) (3894635412, 100.211) 
3894630223: (3894630232, 3.97238) (3894630222, 3.98556) 
3894630227: (3894630226, 3.7921) (3894630228, 3.79721) 
8137726009: (8137726008, 16.2687) (198590598, 7.01757) 
9365636014: (9365636013, 6.88505) (9365635994, 443.123) (198269609, 72.5683) (198551754, 9.35289) 
9365640192: (198269593, 60.6271) (9365640169, 17.9657) (9365640185, 33.108) 
7037812803: (7234367518, 37.9018) (198569937, 14.9446) (7037812807, 117.322) (7234296666, 91.8071) 
8133088560: (8133088561, 6.35598) (7234367509, 12.0166) (7234367504, 9.85117) 
8317381121: (8317381120, 15.5484) (8317381122, 62.4) 
8314099101: (8317381123, 474.721) (7035916877, 200.76) (198553604, 277.127) 
3894644544: (3894645111, 89.7241) (3894645105, 28.1781) (3894644542, 137.786) 
198373734: (3894647917, 65.1755) (198519718, 139.151) (7234367538, 90.0495) (4256589565, 32.2894) 
7933485241: (7933485248, 23.1199) (7933485239, 16.5647) (198417647, 89.1821) 
9047436998: (198569937, 67.6087) 
11329562517: (11329562483, 148.503) (11331352908, 48.7842) 
4256592590: (4256589585, 37.6008) (4256592589, 22.353) (3894630219, 4.31899) 
3894654168: (7234367414, 32.9611) (3894654175, 97.3085) (3894654171, 80.9767) 
3894641829: (3894641830, 4.19547) (3894641831, 13.5319) 
198373726: (8133088566, 69.8829) (8133088565, 10.1132) 
198356020: (198378321, 52.8141) (198356023, 88.0857) (198356017, 20.1652) 
11329265990: (11329265996, 12.2172) (11329265994, 80.4136) 
7234367414: (3894654168, 32.9611) (8133088568, 7.64676) (7234367419, 7.55074) 
8341641108: (8341641109, 13.5119) (198551749, 34.3598) (8137726002, 33.7164) 
11329728150: (9365636000, 80.5335) (11329728149, 66.3263) (198517884, 14.7627) (9365635994, 7.10014) 
8133088559: (8133088564, 9.97464) (8133088560, 64.1741) 
7234367449: (7234367438, 228.458) 
198409954: (9365640221, 97.5673) (8137815388, 39.1534) (198409953, 31.5257) 
198269740: (198551749, 122.074) (6956911707, 59.443) (6956908777, 21.5933) 
8133088566: (8133088568, 65.4453) (8133088567, 10.2493) 
7037812809: (7234296666, 11.0808) (7234367507, 9.81817) (198569938, 7.96124) 
7234296669: (4937605766, 6.3851) (7234367415, 4.37618) (7234367412, 5.82316) 
3894645113: (8137726008, 107.509) (198348038, 7.70684) (3894635949, 6.0781) (3894645111, 23.0979) 
3894654175: (3894654168, 97.3085) (3894654171, 128.068) (7234367536, 5.84596) 
7234367521: (7234367508, 146.549) (7234367518, 16.9818) (198569937, 36.7676) (198558162, 10.5442) 
8133088578: (7234367454, 242.427) 
8317381123: (8317381122, 13.3678) (8314099101, 474.721) (8317358606, 86.128) 
7933475787: (7933475788, 11.9055) (8133088559, 19.7586) 
3894647917: (198373734, 65.1755) (3894635412, 41.146) (3894637552, 44.9488) 
9365640206: (9365640282, 3.49993) 
7234367436: (7234367438, 7.93126) (7234367432, 63.1525) (7234367431, 86.0944) 
8137815366: (8137815363, 29.8936) 
450619658: (450619137, 23.165) (11331370036, 116.487) 
5999570837: (11329562482, 0.457147) (5999570839, 177.856) (11329562483, 331.127) (11329562491, 312.906) 
8341488154: (198569947, 46.8243) (198469297, 165.201) (8341488157, 45.8942) 
3894645102: (4256589586, 17.0096) 
198509470: (198551749, 99.5338) (10313376799, 37.191) (6956911686, 13.8766) 
6847572629: (6847572630, 11.532) (6847572636, 106.39) 
11329562488: (11329562489, 58.8974) (11329562487, 44.905) 
8341488157: (8341488154, 45.8942) 
3894645105: (4256592592, 59.0928) (3894644544, 28.1781) (3894630219, 29.8412) 
8654444845: (8654444838, 47.6029) 
3894633165: (3894633054, 69.1273) (4256592594, 21.5049) (3894630215, 50.2653) 
198417650: (198417647, 11.5349) (4249163574, 19670.1) (198517884, 91.015) 
6829774059: (6829774058, 31.6361) 
7234367537: (8133093053, 11.5617) (7234374846, 6.17093) (7234367536, 6.09458) 
4256589587: (4256592589, 21.985) (4256589584, 20.09) (3894630218, 21.7933) (4256589585, 21.9487) 
198517884: (7933485239, 3.36383) (198417650, 91.015) (11329728150, 14.7627) 
3894630224: (3894630225, 3.76971) (3894630221, 3.74563) 
7234367431: (7234367430, 132.621) (2305177560, 140.188) (198569946, 7.33563) (7234367436, 86.0944) 
198558160: (7234367520, 39.1237) (7234391444, 39.3884) (5803664456, 17.8039) 
198378319: (198378321, 11.742) (198378313, 22.0722) (8341654023, 48.8374) 
198562330: (7234296670, 36.3202) 
3894654165: (3894654167, 36.1217) (198519718, 28.4879) (7234367419, 94.2617) 
9365640251: (9365640193, 74.6339) (6956911696, 14.1594) (9365640254, 46.4547) 
11329762269: (11329562491, 3680.34) (11329728167, 502.123) (5999570838, 61.7219) 
198356080: (198356023, 45.1522) (198356025, 46.7074) (6847572630, 27.826) 
5999570838: (5999570839, 79.3877) (11329762269, 61.7219) 
198512572: (5803664457, 19.5584) (7234391441, 8.30576) (7234391439, 8.34724) 
198519718: (3894654165, 28.4879) (198519719, 22.6943) (198373734, 139.151) (198625971, 177.337) 
7234296666: (7037812809, 11.0808) (7037812803, 91.8071) (3894654170, 8.30842) 
8133088575: (7234367454, 228.712) 
6829774058: (198551736, 41.363) (198548549, 80.2238) (6829774059, 31.6361) 
198590598: (198551738, 54.8344) (198655341, 6.21629) 
9714437204: (9714437204, 250.2) 
11329562486: (11329562487, 67.4844) (11329562485, 79.7815) 
3894630216: (3894630218, 36.3731) (5546400170, 6.35498) (5546400172, 18.1091) 
198512576: (198551736, 143.284) (12075173712, 4.24474) (198512587, 136.945) (198551737, 147.253) 
7234374851: (11329468178, 112.394) (5803664457, 9.06677) (7234391442, 49.5004) (7234391439, 19.4587) 
8137726013: (198409953, 35.9697) (3531016709, 42.0176) (8137727124, 17.8851) 
198620124: (7234367538, 50.3231) (198620125, 49.1047) (3894654170, 120.684) (3894638310, 139.024) 
5803662949: (3894630215, 14.3257) (5546400174, 6.99348) (5546400172, 24.0139) (4256589581, 29.2207) 
9365636000: (11329728150, 80.5335) (9365635994, 82.5916) (198279134, 1931.48) (9365635969, 702.977) 
6829774077: (6829774080, 34.8642) (6829774076, 26.3129) 
11329562485: (11329562484, 46.1131) (11329562486, 79.7815) 
198398651: (7234367432, 8.5538) (198569952, 929.858) (7234367438, 60.5718) 
3894630230: (3894630229, 3.76751) (3894630231, 3.743) 
198594372: (198530918, 63.7537) (7200521410, 27.3594) 
7019363084: (7019373494, 25.1373) (7019363083, 17.2589) (4937605773, 66.3988) (7019373488, 85.5643) 
11331379378: (11329562484, 201.237) (11331370037, 2491.97) 
11329728167: (11329762269, 502.123) (11329562482, 153.687) (11329562483, 177.552) 
8341654023: (198356009, 69.3747) (198378319, 48.8374) (198588890, 152.763) 
3894630229: (3894630230, 3.76751) (3894630228, 3.78537) 
5546400172: (3894630216, 18.1091) (3894630215, 18.8619) (5803662949, 24.0139) 
3894630220: (3894630238, 3.99969) (3894630221, 3.71067) 
198655341: (6757578055, 104.695) (3894644642, 16.2063) (198590598, 6.21629) 
198269593: (9365640282, 11.3205) (9365640192, 60.6271) (9365640184, 87.5192) 
8317381120: (8317381121, 15.5484) (8317358606, 24.5092) (8317381122, 54.8245) 
6956911693: (6956911696, 35.8314) (9365640185, 54.2725) (9365640254, 15.1031) 
6837423859: (6837423859, 172.988) (198588884, 54.7755) 
198356009: (8341654023, 69.3747) (7933485239, 14.0208) (198356010, 15.6729) 
198348039: (198553604, 138.838) (198348032, 196.491) (198262337, 79.6831) 
7200521424: (7200521424, 82.5954) (7200521410, 42.0662) 
11331370033: (11331352914, 1108.1) (450619139, 661.655) 
198356010: (7933485248, 11.627) (198378313, 34.6004) (198356009, 15.6729) 
5546400178: (5546400176, 4.83505) (5546400175, 33.198) (3894630213, 39.6086) 
7655406259: (11331370025, 296.948) (6847572630, 50.4735) (198588890, 106.192) 
198532393: (198548549, 161.03) 
198582604: (5506729666, 223.787) 
198551754: (198588890, 197.798) (9365636014, 9.35289) (198588884, 55.3869) 
6956911707: (6956911710, 22.6774) (6956911704, 14.1727) 
7934217537: (7934217532, 76.5699) (9047700615, 80.9433) 
8137726008: (8137726009, 16.2687) (8137726008, 114.817) (3894645113, 107.509) 
9365636013: (9365636014, 6.88505) 
3894630226: (3894630225, 3.78785) (3894630227, 3.7921) 
4256592594: (3894633054, 80.3917) (3894626038, 64.0293) (3894633165, 21.5049) 
3894630237: (3894630236, 3.94352) (3894630238, 3.95724) 
8137815355: (9365640184, 11.6323) (8137815346, 11.8617) (8137815361, 67.4323) 
11329265996: (11329447557, 3.63532) (11329447555, 18.7026) (11329265990, 12.2172) 
198521222: (3894635429, 174.886) (8307344137, 88.9121) (4256589577, 122.67) 
5506729667: (7234367430, 49.1492) 
9365640282: (198269593, 11.3205) (9365640206, 3.49993) (9365640221, 63.0745) (9365640220, 47.9673) 
7234367419: (7234367414, 7.55074) (7234367430, 55.1233) (3894654165, 94.2617) (198519708, 11.0556) 
198417647: (198417650, 11.5349) (198356017, 182.047) (7933485241, 89.1821) 
5546400179: (3894630213, 201.293) (198409953, 83.0114) (198409946, 115.506) 
3894636162: (3894635954, 132.69) (7035916877, 87.9793) 
198625971: (198519718, 177.337) (2305177560, 31.7849) (8257601704, 50.6846) 
5803664455: (7234367518, 10.1081) (198592631, 54.5827) (198558162, 16.9995) (7234367519, 11.5223) 
9365640185: (9365640192, 33.108) (6956911688, 52.599) (6956911693, 54.2725) 
198655374: (198655353, 104.173) (7926895263, 47.3155) 
5546400204: (5546400189, 27.3215) (5546400206, 69.1797) (5546400205, 71.0287) (5546400188, 53.9155) 
3894630225: (3894630224, 3.76971) (3894630226, 3.78785) 
3894644517: (3894644530, 5.64555) 
7234296670: (7234367412, 91.8929) (4937605766, 85.1461) 
198551736: (198551729, 421.536) (6829774058, 41.363) (12075173711, 7.39109) (198512576, 143.284) 
6956911696: (6956911693, 35.8314) (9365640251, 14.1594) (8137815379, 174.145) 
198655353: (6757578055, 7.48924) (8137726009, 94.5344) 
7234367543: (7234367539, 18.8979) (7234367544, 72.1058) 
6956911686: (6956911706, 158.628) (198509470, 13.8766) 
8317381122: (8317381120, 54.8245) (8317381123, 13.3678) (8317381121, 62.4) 
7234367504: (8133088564, 64.4392) (8133088560, 9.85117) (7234296665, 11.165) 
8133088561: (5803662947, 12.0195) (7234367507, 8.16414) (198569938, 9.84094) 
9365640169: (6956911688, 27.2915) (9365640184, 46.2982) (9365640192, 17.9657) 
5546400184: (5546400189, 26.4036) (8137727122, 28.3991) (5546400187, 20.801) 
6829774069: (6829774070, 1.87087) 
3894635954: (198348032, 51.3153) (3894636162, 132.69) 
198620125: (198620125, 68.3195) (198620124, 49.1047) 
8133093053: (7234367537, 11.5617) (8133088563, 10.0904) (198373726, 5.97325) 
7234367430: (5506729667, 49.1492) (7234367431, 132.621) (7234367419, 55.1233) (5506729668, 8.71702) 
3894630213: (5546400178, 39.6086) (5546400175, 17.9835) (5546400179, 201.293) 
3894630214: (3894630215, 25.5623) (5546400175, 5.36893) (5546400174, 26.4896) 
12075173704: (12075173711, 286.899) 
198519719: (198519718, 22.6943) (198530899, 259.228) (3894637552, 96.3066) 
4937605766: (7234296670, 85.1461) (7234296669, 6.3851) (5506729663, 86.6465) 
5546400188: (5546400187, 6.01178) (5546400189, 30.5625) (5546400204, 53.9155) 
4256589584: (5803662948, 13.3894) (4256589585, 29.7778) (4256589587, 20.09) 
7926895266: (8137726002, 164.638) (7926895263, 40.45) 
7234367520: (7234367519, 17.1808) (5803662952, 16.8234) (198558162, 10.9624) (198558160, 39.1237) 
2305177560: (198625969, 83.0155) (7234367431, 140.188) (198625971, 31.7849) 
11331352913: (11331352914, 35.2177) (11329562521, 70.2088) 
5506729666: (7234296667, 65.1404) (198582604, 223.787) (5506729663, 108.252) 
7234367438: (7234367449, 228.458) (198569947, 5.79923) (198398651, 60.5718) (7234367436, 7.93126) 
6829774080: (6829774077, 34.8642) 
5803664457: (198512572, 19.5584) (7234374852, 7.0913) (7234374851, 9.06677) (7019373489, 37.1013) 
3894654171: (3894654167, 7.1535) (3894654175, 128.068) (3894654168, 80.9767) 
198551738: (198348038, 39.0848) (10313376778, 37.5645) 
198356017: (198417647, 182.047) (198356020, 20.1652) (198356014, 23.5023) 
9365640221: (9365640220, 60.8448) (9365640282, 63.0745) (9365640207, 6.90714) (198409954, 97.5673) 
198592631: (7037812807, 16.11) (11329468184, 12.7372) (5803664455, 54.5827) 
5546400187: (5546400184, 20.801) (3531016709, 12.4684) (5546400188, 6.01178) 
3894630232: (3894630223, 3.97238) (3894630233, 3.93805) 
8137821018: (8137815404, 151.809) (8137815399, 49.4465) 
11329562490: (11329562491, 46.714) (11329562489, 56.154) 
8307344136: (8307344137, 3.48781) 
10313376799: (198509470, 37.191) (3894626038, 264.516) (10313376798, 29.1344) 
5546400206: (5546400204, 69.1797) (5546400205, 147.201) 
3894635412: (4256589581, 38.1956) (198521214, 42.6469) (198521204, 100.211) (3894647917, 41.146) 
8137727125: (8137727125, 191.179) (8137727124, 12.1252) 
11329562484: (11329562485, 46.1131) (11331379378, 201.237) 
11331370025: (198356025, 29.5715) (7655406259, 296.948) (11331369997, 489.089) 
7234391441: (7019373495, 34.0481) (7234391440, 17.3296) (7234374852, 19.5029) (198512572, 8.30576) 
11329447557: (11329468174, 11.6777) (11329447556, 18.744) (11329265996, 3.63532) 
198569937: (7037812809, 95.0685) (7234367521, 36.7676) (9047436998, 67.6087) (7037812803, 14.9446) 
198409946: (198409953, 47.1497) (198409938, 82.0729) (8137727124, 35.8175) (5546400179, 115.506) 
8654444838: (198548549, 138.185) (198588860, 42.6287) (8654444845, 47.6029) 
11331370037: (11331379378, 2491.97) (450619664, 205.763) 
11329562521: (11329562520, 155.96) (11331352913, 70.2088) 
198262337: (9047700615, 120.983) (7934217532, 138.318) (198348039, 79.6831) 
198636852: (3894645111, 7.6585) (3894626038, 145.132) (198348038, 21.9288) 
3894630231: (3894630230, 3.743) (3894630222, 3.72049) 
11329468184: (11329468183, 54.1628) (11329468178, 186.164) (198592631, 12.7372) (5803664456, 90.9492) 
198348032: (198348039, 196.491) (3894635949, 126.367) 
11329468174: (11329447565, 25.3222) (11329447557, 11.6777) 
10313376794: (10313376800, 29.3866) 
9365640184: (9365640169, 46.2982) (8137815355, 11.6323) (9365640183, 7.49192) (198269593, 87.5192) 
11329447565: (11329468174, 25.3222) (11329447556, 19.4816) 
7234367519: (5803664455, 11.5223) (7234367520, 17.1808) (11329468183, 0.997167) 
8137727124: (198409946, 35.8175) (3531016709, 30.7361) (8137726013, 17.8851) (8137727125, 12.1252) 
6757578055: (198655353, 7.48924) (198655374, 106.759) 
7234367507: (7037812809, 9.81817) (7234367508, 12.0676) (198569937, 94.9148) 
7037812807: (7037812803, 117.322) (198551737, 48.999) (198592631, 16.11) 
7234296667: (8133088565, 11.8316) (5506729663, 49.3396) (7234367533, 6.15997) (5506729666, 65.1404) 
3894641827: (3894641828, 3.56676) (3894641831, 137.89) 
9365640207: (9365640221, 6.90714) 
198558162: (198554357, 320.438) (5803664455, 16.9995) (7234367520, 10.9624) (7234367521, 10.5442) 
198378321: (198356020, 52.8141) (6847572636, 25.6904) (198378319, 11.742) 
7035916877: (3894636162, 87.9793) (8314099101, 200.76) 
6829774070: (6829774077, 52.8788) (6829774069, 201.907) 
11331352908: (11329562517, 48.7842) (11329562520, 150.283) 
11331352914: (11331352913, 35.2177) (11331370033, 1108.1) 
450619137: (450619658, 23.165) (450619139, 458.113) 
7234367533: (7234296667, 6.15997) (7234367528, 112.979) (8133088563, 11.8395) (7933475788, 43.5923) 
7234391443: (7234391444, 17.2301) 
8137815362: (8137815363, 23.5678) 
7200521410: (198594372, 27.3594) (7200521424, 42.0662) 
3894630215: (5546400172, 18.8619) (3894633165, 50.2653) (5803662949, 14.3257) (3894630214, 25.5623) 
3894644530: (3894644517, 5.64555) 
3894630238: (3894630220, 3.99969) (3894630237, 3.95724) 
9365640220: (9365640282, 47.9673) (9365640221, 60.8448) (9365640193, 3.1665) 
198551729: (198551736, 421.536) 
5546400176: (5546400174, 33.3841) (5546400173, 6.50461) (5546400178, 4.83505) 
10313376798: (10313376799, 29.1344) (10313376793, 54.9356) (10313376797, 3.61882) 
8307344137: (8307344135, 3.74259) (198521222, 88.9121) (198521214, 45.4536) (8307344136, 3.48781) 
10313376800: (10313376797, 20.101) (3894644642, 186.643) (10313376794, 29.3866) (10313376793, 63.4014) 
7234374850: (7234296665, 86.0044) (7234374846, 75.9452) 
11329562491: (11329562490, 46.714) (11329762269, 3680.34) (11329562482, 312.836) (5999570837, 312.906) 
198588884: (198551754, 55.3869) (6837423859, 54.7755) (198588882, 111.496) 
198356014: (7933485248, 19.2353) (198378313, 46.9037) (198356017, 23.5023) 
5506729663: (4937605766, 86.6465) (5506729666, 108.252) (5506729662, 10.8876) (7234296667, 49.3396) 
5546400175: (3894630214, 5.36893) (5546400178, 33.198) (3894630213, 17.9835) 
7234296665: (7234374850, 86.0044) (3894654170, 6.09372) (7234367504, 11.165) 
9365635994: (9365636014, 443.123) (11329728150, 7.10014) (9365636000, 82.5916) 
11329468215: (11329468214, 10.9461) (11329468223, 18.9303) 